0000000000000002000002000000000000
0000000000000000000000000000000000
0000000000000000000000000000000000
0000000000000000000000000000000000
0000000000000000000000000000000000
000000200000000000000000000000000T
0000000000000000000000003030303030
0000000000000000000000000000000000
0000000000000000000000000000000000
0000000000000000000000000000000000
0000000000000000000000000000000000
0000000000000000000000000000000000
0000000000000000000000000000000000
N000Q00000000000000000000000000000
3033000000000000000000000000000000
0000000000000000000000000000000000
0000000000000000000000000000000000